1;A 1;211
2;A 2;76
3;A 3;15
4;A 4;488
5;A 5;238
6;A 6;470
6;A 6a;470
6;A 6b;470
7;A 7;312
8;A 8;223
9;A 9;280.5
10;A 10;543
11;A 11;343
12;A 12;8.5
13;A 13;225
14;A 14;15.6
15;A 15;24
16;A 16;312
19;A 19;131
20;A 20;406
21;A 21;57.5
22;A 22;18
23;A 23;43
25;A 25;65
26;A 26;0
27;A 27;10
28;A 28;405
29;A 29;264
30;A 30;27
31;A 31;349
33;A 33;27
34;A 34;45
35;A 35;172
36;A 36;237
38;A 38;38
39;A 39;144
40;A 40;208
41;A 41;131
42;A 42;53.3
43;A 43;208
46;A 46;62
47;A 47;29
48;A 48;56
49;A 49;61
50;A 50;64
51;A 51;146
52;A 52;23
54;A 54;72
55;A 55;35
57;A 57;55
61;A 61;150
62;A 62;234
63;A 63;121
64;A 64;277
65;A 65;150
66;A 66;38
68;A 68;62
71;A 71;290.5
72;A 72;0
75;A 75;330
77;A 77;165
81;A 81;93
82;A 82;4.5
83;A 83;152.5
84;A 84;170
85;A 85;206
86;A 86;0
87;A 87;129
88;A 88;80
89;A 89;432
103;A 103;15
104;A 104;24
105;A 105;238
106;A 106;470
112;A 112;0
115;A 115;0
126;A 126;470
131;A 131;0
132;A 132;0
139;A 139;0
140;A 140;0
150;A 150;14
151;A 151;0
154;A 154;0
186;A 186;15
211;A 211;57.5
260;A 260;0
311;A 311;0
314;A 314;1
315;A 315;4
320;A 320;16
330;A 330;11
340;A 340;0
350;A 350;0
351;A 351;0
352;A 352;0
391;A 391;144
401;A 401;2
404;A 404;0
406;A 406;0
410;A 410;131
411;A 411;0
430;A 430;15
432;A 432;23
450;A 450;0
480;A 480;0
500;A 500;2
501;A 501;0
502;A 502;0
507;A 507;0
515;A 515;0
516;A 516;0
517;A 517;0
520;A 520;0
557;A 557;0
570;A 570;0
620;A 620;35
621;A 621;0
623;A 623;0
624;A 624;0
630;A 630;45
645;A 645;0
660;A 660;0
680;A 680;62
701;A 701;0
710;A 710;290.5
711;A 711;12
712;A 712;290.5
714;A 714;290.5
719;A 719;9
750;A 750;25
811;A 811;6
821;A 821;0
837;A 837;0
844;A 844;5
